41031
41053
41249
41346
41406
41465
41525
41585
41645
41705
41765
41825
41885
41945
42005
42065
42125
42185
42245
42305
42365
42425
42485
42545
42605
42665
42725
42785
42845
42905
42965
43025
43085
43145
43205
43265
43325
43385
43445
43505
43565
43625
43685
43745
43805
43865
43925
43985
44045
44105
44165
44225
44285
44345
44405
44465
44525
44585
44645
44705
44765
44825
44885
44945
45005
45065
45125
45185
45245
45305
45365
45425
45485
45545
45605
45665
45725
45785
45845
45905
45965
46025
46085
46145
46205
46265
46325
46385
46445
46505
46565
46625
46685
46745
46805
46865
46925
46985
47045
47105
47165
47225
47285
47345
47405
47465
47525
47585
47645
47705
47765
47825
47885
47945
48005
48065
48125
48185
48245
48305
48365
48425
48485
48545
48605
48665
48725
48785
48845
48905
48965
49025
49085
49145
49205
49265
49325
49385
49445
49505
49565
49625
49685
49745
49805
49865
49925
49985
50045
50105
50165
50225
50285
50345
50405
50465
50525
50585
50645
50705
50765
50825
50885
50945
51005
51065
51125
51185
51245
